Primera funcion biseccion
 [ 0.          1.00000000]
 [ 1.          1.5       ]
 [ 2.          1.25      ]
 [ 3.          1.375     ]
 [ 4.          1.4375    ]
 [ 5.          1.40625   ]
 [ 6.          1.421875  ]
 [ 7.          1.4140625 ]
 [ 8.          1.41796875]
 [ 9.          1.41601562]
 [10.          1.41503906]
 [11.          1.41455078]
 [12.          1.41430664]
 [13.          1.41418457]
 [14.          1.41424561]
 [15.          1.41421509]
 [16.          1.41419983]
 [17.          1.41420746]
 [18.          1.41421127]
 [19.          1.41421318]
 [20.          1.41421413]
 [21.          1.41421366]
 [22.          1.41421342]
 [23.          1.41421354]
 [24.          1.41421360]
 [25.          1.41421357]
 [26.          1.41421355]
 [27.          1.41421356]
 Primera funcion NR
 [ 0.          1.00000000]
 [ 1.          1.50000000]
 [ 2.          1.41666667]
 [ 3.          1.41421569]
 [ 4.          1.41421356]
Primera Funcion NR modificado
 [ 0.          1.00000000]
 [ 1.          1.33333333]
 [ 2.          1.41176471]
 [ 3.          1.41421144]
 [ 4.          1.41421356]
Primera funcion Secante
 [ 0.          2.00000000]
 [ 1.          1.00000000]
 [ 2.          1.33333333]
 [ 3.          1.42857143]
 [ 4.          1.41379310]
 [ 5.          1.41421144]
 [ 6.          1.41421356]
 [ 7.          1.41421356]
SEGUNDA FUNCION
2 funcion biseccion
 [ 0.          1.00000000]
 [ 1.          1.50000000]
 [ 2.          1.25000000]
 [ 3.          1.12500000]
 [ 4.          1.18750000]
 [ 5.          1.21875000]
 [ 6.          1.20312500]
 [ 7.          1.19531250]
 [ 8.          1.19921875]
 [ 9.          1.20117188]
 [10.          1.20019531]
 [11.          1.19970703]
 [12.          1.19995117]
 [13.          1.20007324]
 [14.          1.20001221]
 [15.          1.19998169]
 [16.          1.19999695]
 [17.          1.20000458]
 [18.          1.20000839]
 [19.          1.20000648]
segunda funcion NR
 [ 0.          1.00000000]
 [ 1.          1.06703911]
 [ 2.          1.11150086]
 [ 3.          1.14105657]
 [ 4.          1.16072727]
 [ 5.          1.17382777]
 [ 6.          1.18255594]
 [ 7.          1.18837239]
 [ 8.          1.19224903]
 [ 9.          1.19483303]
 [10.          1.19655550]
 [11.          1.19770373]
 [12.          1.19846918]
 [13.          1.19897947]
 [14.          1.19931965]
 [15.          1.19954644]
 [16.          1.19969763]
 [17.          1.19979842]
 [18.          1.19986562]
 [19.          1.19991043]
 [20.          1.19994029]
 [21.          1.19996024]
 [22.          1.19997354]
 [23.          1.19998272]
 [24.          1.19998860]
 [25.          1.19999309]
 [26.          1.19999718]
 [27.          1.20002164]
 [28.          1.20001457]
 [29.          1.20001181]
 [30.          1.20000902]
Segunda funcion NR modificado
 [ 0.          1.00000000]
 [ 1.          1.19842956]
 [ 2.          1.19999996]
Segunda funcion secante
 [ 0.          2.00000000]
 [ 1.          1.47540984]
 [ 2.          1.45261181]
 [ 3.          1.37561518]
 [ 4.          1.33671826]
 [ 5.          1.30202941]
 [ 6.          1.27740141]
 [ 7.          1.25834599]
 [ 8.          1.24408615]
 [ 9.          1.23327849]
 [10.          1.22512816]
 [11.          1.21897058]
 [12.          1.21432221]
 [13.          1.21081235]
 [14.          1.20816253]
 [15.          1.20616200]
 [16.          1.20465173]
 [17.          1.20351158]
 [18.          1.20265087]
 [19.          1.20200111]
 [20.          1.20151062]
 [21.          1.20114034]
 [22.          1.20086082]
 [23.          1.20064982]
 [24.          1.20049054]
 [25.          1.20037030]
 [26.          1.20027953]
 [27.          1.20021101]
 [28.          1.20015929]
 [29.          1.20012024]
 [30.          1.20009079]
 [31.          1.20006853]
 [32.          1.20005176]
 [33.          1.20003916]
 [34.          1.20002957]
 [35.          1.20002258]
 [36.          1.20001704]
 [37.          1.20001302]
 [38.          1.20000899]
 [39.          1.20000899]
TERCERA FUNCION
3 funcion biseccion
 [ 0.          1.00000000]
 [ 1.          1.50000000]
newton raphson
 [ 0.          1.30000000]
 [ 1.          1.59411765]
 [ 2.          1.49282165]
 [ 3.          1.50000296]
 [ 4.          1.50000000]
tercera funcion 
Newton  Raphson Modificado
 [ 0.          1.30000000]
 [ 1.          1.40303030]
 [ 2.          1.48643160]
 [ 3.          1.49996009]
 [ 4.          1.50000000]
funcion 3 secante
 [ 0.          1.00000000]
 [ 1.          1.39413027]
 [ 2.          1.87649300]
 [ 3.          1.54924684]
 [ 4.          1.45239314]
 [ 5.          1.50001538]
 [ 6.          1.49999986]
 [ 7.          1.50000000]
